185001185012 -0.35
185101185112 -0.19
185201185212 -0.20
185301185312 -0.24
185401185412 -0.25
185501185512 -0.28
185601185612 -0.34
185701185712 -0.44
185801185812 -0.41
185901185912 -0.25
186001186012 -0.30
186101186112 -0.38
186201186212 -0.47
186301186312 -0.27
186401186412 -0.46
186501186512 -0.26
186601186612 -0.24
186701186712 -0.31
186801186812 -0.25
186901186912 -0.28
187001187012 -0.28
187101187112 -0.32
187201187212 -0.25
187301187312 -0.31
187401187412 -0.38
187501187512 -0.39
187601187612 -0.38
187701187712 -0.07
187801187812 0.02
187901187912 -0.25
188001188012 -0.25
188101188112 -0.21
188201188212 -0.23
188301188312 -0.31
188401188412 -0.43
188501188512 -0.41
188601188612 -0.39
188701188712 -0.45
188801188812 -0.33
188901188912 -0.19
189001189012 -0.44
189101189112 -0.34
189201189212 -0.47
189301189312 -0.50
189401189412 -0.43
189501189512 -0.41
189601189612 -0.21
189701189712 -0.23
189801189812 -0.43
189901189912 -0.32
190001190012 -0.23
190101190112 -0.28
190201190212 -0.44
190301190312 -0.52
190401190412 -0.58
190501190512 -0.41
190601190612 -0.31
190701190712 -0.50
190801190812 -0.53
190901190912 -0.54
191001191012 -0.50
191101191112 -0.55
191201191212 -0.46
191301191312 -0.44
191401191412 -0.27
191501191512 -0.17
191601191612 -0.41
191701191712 -0.52
191801191812 -0.40
191901191912 -0.34
192001192012 -0.27
192101192112 -0.20
192201192212 -0.31
192301192312 -0.28
192401192412 -0.31
192501192512 -0.22
192601192612 -0.11
192701192712 -0.22
192801192812 -0.22
192901192912 -0.37
193001193012 -0.14
193101193112 -0.08
193201193212 -0.15
193301193312 -0.29
193401193412 -0.14
193501193512 -0.19
193601193612 -0.16
193701193712 -0.04
193801193812 -0.02
193901193912 -0.05
194001194012 -0.01
194101194112 -0.02
194201194212 0.00
194301194312 0.05
194401194412 0.18
194501194512 0.04
194601194612 -0.10
194701194712 -0.10
194801194812 -0.08
194901194912 -0.11
195001195012 -0.21
195101195112 -0.05
195201195212 0.01
195301195312 0.10
195401195412 -0.13
195501195512 -0.19
195601195612 -0.29
195701195712 -0.04
195801195812 0.02
195901195912 -0.02
196001196012 -0.09
196101196112 -0.01
196201196212 -0.03
196301196312 0.00
196401196412 -0.28
196501196512 -0.20
196601196612 -0.12
196701196712 -0.12
196801196812 -0.17
196901196912 -0.04
197001197012 -0.08
197101197112 -0.23
197201197212 -0.10
197301197312 0.06
197401197412 -0.21
197501197512 -0.12
197601197612 -0.21
197701197712 0.10
197801197812 0.00
197901197912 0.11
198001198012 0.15
198101198112 0.21
198201198212 0.06
198301198312 0.24
198401198412 0.03
198501198512 0.02
198601198612 0.10
198701198712 0.25
198801198812 0.27
198901198912 0.19
199001199012 0.37
199101199112 0.32
199201199212 0.15
199301199312 0.21
199401199412 0.28
199501199512 0.41
199601199612 0.24
199701199712 0.46
199801199812 0.61
199901199912 0.37
200001200012 0.35
200101200112 0.49
200201200212 0.55
200301200312 0.56
200401200412 0.51
200501200512 0.60
200601200612 0.55
200701200712 0.55
200801200812 0.45
200901200912 0.57
201001201012 0.63
201101201112 0.50
201201201212 0.56
201301201312 0.60
201401201412 0.67
201501201512 0.86
201601201612 0.89
201701201712 0.80
201801201812 0.72
201901201912 0.85
202001202012 0.88
202101202112 0.76
202201202212 0.80
