185001185012 -0.38
185101185112 -0.28
185201185212 -0.32
185301185312 -0.34
185401185412 -0.42
185501185512 -0.38
185601185612 -0.34
185701185712 -0.52
185801185812 -0.45
185901185912 -0.33
186001186012 -0.29
186101186112 -0.46
186201186212 -0.35
186301186312 -0.38
186401186412 -0.44
186501186512 -0.28
186601186612 -0.28
186701186712 -0.28
186801186812 -0.33
186901186912 -0.41
187001187012 -0.34
187101187112 -0.27
187201187212 -0.28
187301187312 -0.32
187401187412 -0.47
187501187512 -0.28
187601187612 -0.43
187701187712 -0.15
187801187812 -0.14
187901187912 -0.25
188001188012 -0.23
188101188112 -0.17
188201188212 -0.20
188301188312 -0.24
188401188412 -0.36
188501188512 -0.43
188601188612 -0.41
188701188712 -0.51
188801188812 -0.37
188901188912 -0.23
189001189012 -0.49
189101189112 -0.40
189201189212 -0.45
189301189312 -0.42
189401189412 -0.46
189501189512 -0.43
189601189612 -0.25
189701189712 -0.30
189801189812 -0.57
189901189912 -0.40
190001190012 -0.35
190101190112 -0.44
190201190212 -0.48
190301190312 -0.62
190401190412 -0.62
190501190512 -0.46
190601190612 -0.40
190701190712 -0.49
190801190812 -0.58
190901190912 -0.62
191001191012 -0.59
191101191112 -0.69
191201191212 -0.44
191301191312 -0.41
191401191412 -0.28
191501191512 -0.21
191601191612 -0.39
191701191712 -0.51
191801191812 -0.37
191901191912 -0.28
192001192012 -0.24
192101192112 -0.32
192201192212 -0.38
192301192312 -0.34
192401192412 -0.39
192501192512 -0.34
192601192612 -0.23
192701192712 -0.33
192801192812 -0.31
192901192912 -0.42
193001193012 -0.30
193101193112 -0.22
193201193212 -0.23
193301193312 -0.35
193401193412 -0.25
193501193512 -0.30
193601193612 -0.28
193701193712 -0.17
193801193812 -0.16
193901193912 -0.18
194001194012 -0.02
194101194112 -0.06
194201194212 -0.08
194301194312 -0.11
194401194412 0.10
194501194512 0.01
194601194612 -0.25
194701194712 -0.20
194801194812 -0.25
194901194912 -0.21
195001195012 -0.26
195101195112 -0.21
195201195212 -0.02
195301195312 -0.03
195401195412 -0.22
195501195512 -0.31
195601195612 -0.30
195701195712 -0.06
195801195812 -0.08
195901195912 -0.09
196001196012 -0.16
196101196112 -0.04
196201196212 -0.13
196301196312 -0.12
196401196412 -0.34
196501196512 -0.20
196601196612 -0.20
196701196712 -0.24
196801196812 -0.23
196901196912 0.05
197001197012 -0.05
197101197112 -0.23
197201197212 0.06
197301197312 0.09
197401197412 -0.16
197501197512 -0.14
197601197612 -0.16
197701197712 0.12
197801197812 0.01
197901197912 0.17
198001198012 0.18
198101198112 0.11
198201198212 0.11
198301198312 0.27
198401198412 0.10
198501198512 0.13
198601198612 0.12
198701198712 0.29
198801198812 0.23
198901198912 0.14
199001199012 0.26
199101199112 0.26
199201199212 0.18
199301199312 0.23
199401199412 0.20
199501199512 0.24
199601199612 0.24
199701199712 0.38
199801199812 0.52
199901199912 0.24
200001200012 0.21
200101200112 0.35
200201200212 0.44
200301200312 0.41
200401200412 0.35
200501200512 0.40
200601200612 0.37
200701200712 0.31
200801200812 0.27
200901200912 0.48
201001201012 0.44
201101201112 0.34
201201201212 0.40
201301201312 0.44
201401201412 0.47
201501201512 0.59
201601201612 0.62
201701201712 0.56
201801201812 0.53
201901201912 0.63
202001202012 0.55
202101202112 0.50
202201202212 0.52
